11 55 17 49 08 14 57 09 19 18 41 01 26 58 21 20 37
35 50 32 27 33 10 23 45 28 06 31 40 34 04 24 53 30
59 52 02 36 43 46

47 29 53 33 30 52 12 56 43 54 50 25 20 51 07 02 32
28 09 23 44 08 45 38 57 49 58 34 01 21 04 14 22 41
06 19 17

26 41 29 13 31 19 38 14 44 09 60 16 52 50 01 46 56
47 25 36 45 27 10 53 11 35 57 43 15 55 21 37 54 24
18 20 22 33 04 34 23

30 42 55 19 36 11 33 44 40 58 57 34 26 39 16 10 15
25 35 04 53 13 59 18 21 23 56 46 29 14 09 31 03 47
05 02 12 48 32 27 01 51

31 57 50 53 08 55 02 46 23 22 45 43 21 19 33 26 39 
13 36 20 44 38 28 16 07 56 30 58 06 05 60 51 04 01 
15 42 32 12 37 47 59

08 38 31 42 11 14 30 26 15 09 41 29 35 45 34 23 33 
17 60 20 01 02 21 18 43 52 06 50 13 04 55 49 51 47 
44 40 59 12 24

01 41 05 38 02 07 56 25 44 46 17 27 33 16 28 48 29 
52 53 58 03 04 24 26 30 57 19 10 21 54 47 15 35 45 
39 23 09 34 11 40 36

14 05 60 56 31 46 40 04 03 34 48 57 47 28 53 52 27 
17 29 32 19 08 09 12 26 06 15 54 58 42 59 11 16 50 
13 25 18 36 37 43

32 22 13 37 29 47 56 08 35 36 46 59 14 30 10 54 18 
48 60 16 50 19 57 27 28 02 39 51 15 06 21 49 03 07 
25 41 38 42 11

32 48 20 22 13 21 60 27 37 25 28 01 56 35 46 59 33 
11 26 16 31 38 55 58 02 51 50 42 15 04 49 07 12 47 
24 40 03 19 23

48 36 04 02 30 20 46 19 54 55 56 06 39 59 51 33 08 
35 49 03 22 60 01 50 23 44 41 21 32 29 18 38 58 24 
27 09 28 15 42 10

05 13 26 20 27 46 29 11 22 03 15 33 44 59 48 14 43 
06 18 54 01 31 30 49 17 60 39 07 58 36 41 09 42 25 
37 23 19 45 21 04

12 37 32 34 22 27 09 24 39 04 59 29 26 30 55 57 03 
28 25 49 42 06 19 05 33 44 45 14 20 11 13 56 60 07 
10 36 54 58 52

22 06 07 13 21 56 24 47 09 12 51 37 34 28 38 11 17 
36 44 57 27 59 14 58 46 26 54 52 48 55 10 33 60 53 
49 20 08 41 45 43 18 05

04 31 23 32 16 35 36 46 42 30 39 28 51 14 02 11 47 
38 53 55 59 22 09 54 25 19 34 03 52 26 41 12 05 50 
10 49 57 27 40 24

44 10 07 24 09 11 57 42 05 33 30 14 56 46 47 37 34 
19 35 48 13 31 02 20 15 12 52 50 41 58 03 26 04 53 
60 21 16 22 49 08

17 37 02 30 39 53 51 57 36 56 45 48 08 16 06 49 20 
60 18 38 07 04 12 19 23 50 24 09 05 21 13 10 14 32 
46 55 29 34 26 25 22 15

02 03 49 10 20 42 16 60 47 09 01 40 26 19 36 54 07 
13 06 23 27 30 11 48 55 08 24 53 28 17 04 31 43 22 
59 14 41 29

48 01 33 52 47 11 18 30 55 42 45 12 60 26 07 04 28 
39 35 14 44 23 50 32 19 34 24 59 53 15 37 29 13 41 
09 58 10 20 25 56 02

25 44 10 51 55 15 33 38 20 49 37 42 28 57 04 40 01 
05 29 54 12 22 56 47 34 48 09 58 35 08 06 50 27 17 
02 32 30 45 46 60 52